89170757136
89154575460
89718866888
89411500353
89174760025
89452232118
89805544605
89628734200
89002625657
89668536281
89668011703
89201218352
89607272816
89515460462
89320437536
89542521328
89320072436
89251264227
89851514846
89758608407
89428152378
89781375236
89602177825
89774306020
89236285121
89622273268
89730425835
89345448167
89467538736
89851625665
89038561286
89801727372
89243610872
89226720664
89664352413
89358353613
89478402172
89826283407
89458762708
89840277225
89223283013
89151886861
89148744542
89142664772
89273367466
89033126118
89361386533
89821146254
89008472604
89383028155
89788071883
89628807555
89723032432
89127617583
89573823613
89266528030
89053366835
89664122205
89544660420
89101216321
89712167550
89657082256
89077177206
89718678083
89758504403
89406015723
89321100777
89457711461
89688726527
89877018808
89884717308
89424303073
89615303873
89763542702
89632352762
89041380721
89826274638
89626880823
89280282101
89272372070
89224806563
89343642468
89680815121
89300132500
89065170554
89501357128
89631840653
89601705324
89150387421
89333086078
89045115263
89873366106
89656868267
89743645054
89380757185
89873348733
89668243588
89802431416
89013371786
89467644546
89686374607
89727336444
89603150802
89257606142
89513265076
89630870083
89053156637
89142383417
89816550327
89424527014
89675287416
89557446880
89822444615
89286653060
89811555270
89868750074
89545842526
89603782637
89255122705
89783325611
89041628778
89040855265
89544813143
89484368211
89286172165
89462704205
89317635872
89802728516
89521148138
89336055500
89107265448
89170831725
89418451836
89586516133
89656364436
89326848682
89765222853
89444510035
89358088674
89321377807
89273327857
89648274073
89828142170
89851556686
89352136754
89250531245
89453336282
89832565558
89135558482
89525148270
89076061207
89664577812
89831881276
89212281085
89104861126
89005280158
89187716715
89612102578
89480180686
89682608257
89830288407
89535474282
89038487537
89453325142
89060723151
89657668517
89461004436
89748026088
89302248715
89454300200
89721403205
89872581615
89565821331
89138110040
89368734064
89135581151
89072885787
89780634317
89782216643
89530637824
89273763716
89227706815
89357611474
89046545830
89218621278
89740375034
89170464820
89281200862
89708773580
89063488515
89705535633
89717787463
89831815052
89883574115
89488740627
89274445316
89811200335
89737174848
89688484036
89347826725
89558222738
89223802541
89123745437
89180446446
89420323481
89655666721
89362061715
89431861004
89153206543
89224141345
89225856743
89624837157
89721023445
89377011374
89036200473
89287760662
89116453332
89240621148
89186385153
89127110663
89074208061
89874771518
89122212124
89868264664
89348434622
89851763002
89285470107
89542075608
89278444620
89707126454
89442016382
89662587312
89572542353
89076201412
89120186223
89034101135
89478556266
89115417224
89845238628
89733178012
89418038550
89270465066
89018602788
89600740643
89388386431
89747228186
89176024808
89652088617
89338283015
89623218801
89360035032
89601414433
89512052174
89044151164
89445523644
89065136412
89428823110
89014256788
89142328830
89351611373
89603474617
89467162304
89175112151
89086246583
89064788505
89524732421
89417324048
89508803152
89020652843
89866015527
89120070647
89754764817
89172566045
89517408276
89330815100
89388274211
89014355273
89101532514
89002748546
89066247483
89081102033
89372773735
89680104707
89444523511
89712840005
89370828646
89104846116
89447300684
89465101164
89716336700
89528043863
89810157665
89651142773
89232062874
89261330446
89021587470
89737838146
89332848752
89806376423
89268022724
89538052224
89801188507
89150256060
89020473376
89478860056
89727511516
89013724760
89018636622
89417887448
89571150242
89627708472
89822143010
89762500414
89448718360
89015015207
89408465526
89365710660
89606406705
89315856773
89235670251
89316156705
89273784470
89836050525
89332463858
89416042328
89844637334
89264707032
89127747242
89264137501
89225442801
89584504260
89082208410
89258471723
89783622881
89417214212
89054067883
89765822305
89384413014
89345548743
89522876277
89517844176
89457882234
89817350327
89855684457
89863318206
89200768374
89327811370
89505382411
89431838885
89524134613
89741501827
89168280172
89748112303
89764128077
89867552252
89147301210
89257614114
89812686440
89465657387
89206002762
89263652601
89123168424
89254752452
89537734170
89320332648
89568162347
89561524375
89783515346
89388355040
89374110360
89588267316
89041481404
89708834135
89160208124
89665440386
89216405388
89702126227
89117574806
89744445005
89514473583
89015716442
89643425847
89247607835
89264564835
89577642762
89135860538
89300834388
89562107061
89047150636
89487107888
89306163153
89038823637
89678107605
89364082606
89713284176
89237775674
89242758047
89317000106
89685388276
89524757011
89025535413
89233870218
89114857133
89822804457
89070301478
89407220683
89474556846
89161778587
89625365165
89842268714
89206783868
89726568803
89301885000
89851158738
89123886521
89400730806
89274360274
89237158445
89805125108
89807505831
89666161074
89606274766
89456144875
89566621337
89235604300
89786412024
89400755507
89611543811
89132118740
89742062855
89413055817
89286200420
89172146121
89216735010
89311117538
89458264458
89870008553
89832863855
89606343267
89714400470
89433517702
89266546251
89385266414
89462284345
89823228671
89386425720
89462686613
89137427621
89586405126
89708724783
89263554186
89037864515
89027678341
89708035168
89587288775
89316687435
89177338010
89326275884
89760470148
89801388100
89702732561
89130414253
89057025155
89755536520
89854767780
89203306270
89583146588
89241014388
89168876116
89715572765
89224126018
89447453138
89747400745
89122443845
89346201845
89258811651
89425015158
89423755585
89457751442
89516568840
89355207361
89827343118
89351301035
89800634232
89768748574
89065678628
89700371144
89556811785
89751038376
89048700715
89830265835
89724477351
89267062641
89432003821
89284754370
89815842627
89662723104
89484322807
89115286778
89841616678
89168586038
89206716315
89871765714
89470186726
89230137606
89138406561
89842367457
89810541333
89103684535
89262354308
89122613557
89462760830
89281788702
89032622802
89255872148
89830656815
89565766830
89807831428
89513205378
89048675031
89522503184
89244805323
89638541286
89861721071
89381583081
89301565407
89436103074
89272100056
89365203457
89788310700
89117313623
89430846374
89608555284
89264253704
89147561355
89781241804
89223620246
89504118665
89501858183
89053583855
89757227616
89552810706
89685008137
89224577300
89868604885
89674343633
89626457615
89534321160
89538014447
89721083416
89068402832
89747781580
89015765662
89803507227
89212504153
89210101458
89013203332
89064786024
89330640550
89605576074
89188383670
89351584346
89302340787
89265775404
89562576635
89047685701
89750686042
89380826872
89533038577
89255122161
89563512672
89140411582
89448044654
89641776145
89183377106
89163388003
89547712061
89453040157
89648455572
89472614403
89470503607
89683558274
89540768817
89357583523
89701540074
89600834020
89611425174
89224604750
89635176870
89250221142
89430662210
89666437126
89522347447
89350314478
89400554076
89568028241
89083707646
89862783526
89002660462
89104171442
89014601077
89111781067
89083171388
89523522002
89877688766
89741330625
89755585645
89043211860
89544207341
89111774134
89608202413
89500633163
89805707673
89286434333
89372540383
89400878438
89014311754
89167484646
89475733608
89323012421
89514728347
89782438780
89257187268
89412541721
89745524655
89334338855
89673612645
89535610061
89236767072
89867523684
89830481132
89138051635
89312516168
89235708555
89648630345
89486828177
89564505153
89886431203
89015664137
89723578736
89152528242
89240551105
89316108357
89028632884
89520524370
89260800507
89311813777
89146306138
89664481350
89127838027
89403287635
89428383822
89738548312
89012732130
89611053661
89031104056
89677876168
89152813016
89282365473
89650127683
89170004385
89474201416
89734201011
89551868776
89084332750
89771444642
89741706863
89748327752
89045002846
89311373451
89827271013
89780062442
89634343278
89502684401
89302770566
89512775088
89316365534
89852002258
89215746002
89301212746
89380553853
89156065340
89720050880
89842571316
89700806473
89025177883
89750734080
89012460530
89278388874
89661027801
89387288433
89487385022
89680155347
89136045742
89585823650
89131300214
89548130732
89107354726
89170183203
89123577470
89253251086
89360757874
89074287543
89168165371
89457283078
89546043260
89723047853
89461326026
89324258731
89858848243
89837264374
89076488622
89375562436
89141532158
89365843501
89363518243
89466871712
89027742337
89467502641
89545862451
89512613267
89508335884
89168103677
89723652623
89058516420
89810304014
89160842018
89278364223
89755744555
89734141113
89412111045
89555838381
89756110622
89543062273
89178412185
89724007420
89580524008
89016423152
89341623124
89776513563
89844735375
89481605866
89278434883
89038423876
89482738018
89375002733
89023434376
89442062243
89224860341
89502814055
89483835032
89247547834
89867707076
89372818171
89672006541
89313677468
89046772751
89760837116
89668580657
89572257633
89608853845
89436174023
89786644640
89212680375
89547188787
89060156702
89064806845
89851213022
89688486282
89062056426
89818275176
89477546473
89872157133
89863352360
89675333885
89311710003
89527684007
89214073506
89683132283
89062434001
89481213501
89858318420
89628835858
89357276175
89235200111
89051013674
89367271078
89485128627
89438523404
89670116712
89800648238
89811655405
89725083082
89664834806
89521520463
89711364061
89160414878
89146510640
89484874781
89288415257
89523438160
89824661036
89426323244
89677230551
89446428665
89667187730
89055401122
89885817540
89485750370
89133236565
89457444716
89548467052
89767781883
89447063515
89187522460
89043230086
89285310114
89265752385
89610425546
89535134665
89554070433
89673022864
89427851464
89748174670
89403751153
89440660254
89388561478
89627667153
89247460225
89348587422
89651521178
89784186634
89546171017
89658824784
89002671878
89520774280
89271047617
89106675821
89816560537
89855871865
89434252007
89360451016
89050543832
89006340673
89851788714
89714280234
89305316028
89186262448
89301550077
89778228657
89161057754
89706715671
89450245867
89812626532
89487666447
89715862664
89161831803
89544763411
89833613180
89154548442
89531775250
89671565826
89235020374
89206568426
89740786641
89243744156
89882283627
89560042802
89356478834
89137824821
89204738522
89812147564
89355778340
89532642106
89168337320
89076281766
89778732014
89125510223
89065741461
89345004655
89046257586
89510884268
89283115486
89662344767
89536187166
89361268570
89116573617
89175016625
89330745762
89408200837
89307103474
89127538324
89878227147
89838467267
89513815647
89370777500
89384855703
89517146237
89672421276
89034763036
89526655451
89252021161
89088663127
89222882335
89088815187
89073170145
89257751747
89081467356
89864572668
89671277861
89046533470
89385760205
89363218327
89812184547
89863603267
89087624723
89465234243
89705363731
89837647287
89641785408
89822370627
89078263715
89332276155
89673374582
89632240144
89423764060
89676122250
89626761083
89805137382
89706844334
89561431887
89776864455
89185355127
89352888030
89810685182
89335023366
89658482451
89333224081
89577520802
89238802722
89775080312
89580447377
89377501378
89530527226
89236265218
89146854703
89631464414
89014435132
89562476841
89201554408
89620221662
89366523548
89113232367
89517287310
89254581031
89183005106
89334165602
89433430786
89860877255
89576387715
89155416530
89317184851
89456122752
89511826445
89810748555
89738875487
89641812002
89537128873
89637001068
89518181252
89441602212
89181352152
89257888505
89720744804
89823220355
89560665433
89103554538
89016207300
89435770744
89267575618
89161842540
89381314660
89652858585
89856874066
89022048877
89234207571
89430706564
89768441453
89142845273
89038050021
89677833757
89711124308
89626807702
89814050551
89836715636
89146108586
89465456630
89605767228
89800515203
89862388833
89304442007
89520510360
89660034271
89064112554
89634405436
89362126821
89458535844
89877242460
89003537540
89231154707
89260657571
89515515668
89201333228
89618435400
89035886526
89181822033
89155106740
89268062362
89804512672
89863276666
89351255132
89166156686
89664831047
89614327243
89734750345
89015450723
89627486000
89722074460
89202874217
89281333281
89681642047
89472202468
89667584417
89716873156
89138856255
89270857684
89133784283
89678360255
89758186850
89438720177
89616052666
89462746635
89311452133
89031700275
89442180142
89714145168
89363466444
89462184171
89185256668
89276803027
89462826115
89523640045
89611618106
89210056236
89827281533
89547086157
89745564361
89062534351
89285337134
89528303738
89263151312
89826053386
89887440368
89642367783
89624616300
89730236171
89887732877
89656026286
89616767581
89206375050
89045781281
89787466843
89673601118
89585307877
89084864411
89273521868
89187047357
89043722016
89455573624
89511400382
89807600752
89861517253
89323783013
89720811451
89547534763
89368410866
89247331400
89346278040
89226434373
89367063684
89534546065
89850850403
89648754541
89610141305
89811476250
89001163028
89471650444
89465054870
89305473587
89880548582
89514158644
89830870325
89654524356
89215276581
89435008764
89804250780
89226835233
89680741321
89108566102
89871072445
89048218271
89483301268
89056024020
89244538457
89155275323
89327223616
89816810163
89018514011
89333665566
89637126887
89804073834
89116247504
89058602222
89881651158
89420732246
89076470128
89341337401
89384246207
89422028446
89550264106
89844774276
89676418518
89233866683
89203665141
89566014443
89374006383
89063161218
89523668160
89422730140
89757842258
89280140206
89112032225
89337184878
89182011724
89844343527
89747251070
89265884265
89135508733
89075537354
89242048525
89141434104
89055151415
89228641646
89488001142
89330716220
89360672647
89500248826
89720153125
89545651638
89871431345
89216008784
89176448883
89056822055
89280580260
89846444866
89655058440
89635232161
89176861313
89581356651
89473446047
89035123580
89720886002
89545683735
89310114416
89766626423
89801136475
89567106118
89347802363
89083273365
89083440050
89650364154
89260556673
89717307720
89724687634
89828125851
89628718548
89121281650
89201682574
89078121802
89735457356
89400220466
89415611501
89781742365
89001448571
89306147488
89358416388
89336014850
89885733427
89046870601
89331042641
89226016360
89600204672
89742653537
89581683482
89806666665
89131385368
89402061837
89256244018
89475087104
89418130226
89117024448
89041806376
89174504527
89540032734
89286082150
89587003544
89006538632
89614823520
89513561271
89513711264
89815077447
89510348615
89711742811
89136537234
89776315141
89080351533
89524518270
89771256767
89372478484
89345588040
89645423536
89213048006
89026248805
89577332075
89146667752
89730231645
89433081624
89801225860
89443507538
89473724113
89176344456
89741606054
89587324406
89005381726
89372734002
89485823555
89013411120
89213648602
89001220822
89076377626
89618620782
89661768862
89634630365
89825387350
89146281365
89233476638
89445745454
89088713430
89645266305
89148703355
89002208157
89211353871
89308813561
89707375384
89300131146
89413343222
89476356173
89782200021
89215634750
89872807544
89150218210
89220428782
89357344324
89178363182
89114844866
89523758462
89604100817
89036226418
89875537082
89638807105
89264767480
89828716157
89737008677
89287782368
89805767657
89263046526
89502322888
89104082348
89202020302
89765405735
89724434612
89846646826
89835210540
89103673006
89275440013
89685270771
89735723878
89270605230
89030378074
89751612165
89451458426
89027731747
89445000178
89386632776
89608270063
89025578878
89666605377
89335084712
89786860405
89103167715
89243065364
89725172747
89507117203
89084687784
89328712100
89475243052
89681760036
89725235026
89236053357
89441517665
89668358653
89253756241
89576111360
89836474287
89853257333
89845002603
89610403238
89457221536
89168353851
89118450201
89322245067
89111628332
89438527353
89371222446
89034623783
89407748481
89224353463
89615408660
89746177652
89508521035
89172451871
89525508316
89180120170
89063351514
89570432102
89734421431
89220234360
89218546588
89878150370
89403624425
89632661423
89873768663
89401430672
89103666611
89653050134
89881212165
89111221367
89036003386
89100686788
89713104204
89331824623
89732450200
89076667058
89286601703
89043326360
89280068613
89516215876
89734846258
89003720827
89568828327
89006470672
89378076366
89336883656
89386166713
89658886583
89207841510
89073412110
89688735614
89162402084
89154832272
89363310282
89533850170
89187471874
89872116228
89135380673
89668587334
89420617617
89317221651
89626074833
89544764733
89302814726
89883733511
89072136311
89762810202
89654351414
89865743135
89564522721
89848115328
89250625007
89380634287
89260152041
89351276148
89627246210
89716514327
89313228335
89847781315
89124806635
89846655777
89511105664
89704186664
89117600345
89813562651
89127585703
89460851438
89443024178
89422533172
89450785551
89484337720
89015757080
89377331487
89754871224
89074774137
89647653274
89404277465
89585863120
89533415052
89387837133
89867227882
89015048487
89084013704
89317674575
89144153658
89477285666
89054263128
89356660075
89331070606
89053436864
89056860346
89322633841
89610313456
89223426884
89806328362
89736605414
89747560680
89476845575
89412466246
89566151815
89774500384
89620268404
89128653168
89247524774
89784054770
89610102767
89253857717
89285643848
89425476466
89432057124
89803403877
89241883418
89136670863
89675854304
89480285382
89532435802
89888034430
89848385285
89734767011
89618677382
89733605514
89133614801
89501442417
89244215375
89817121571
89748006152
89171804215
89741422232
89167253831
89624832701
89222514434
89638743356
89440612873
89242142111
89554117761
89106858601
89786881806
89215151640
89224315778
89738617307
89505007511
89455585004
89363246185
89723351851
89481546173
89454001323
89722102416
89600530684
89480735035
89846208216
89347015768
89748065048
89651023652
89353087766
89434186003
89575328212
89577721008
89585118528
89016342853
89874120670
89571427136
89766445871
89046313505
89343410350
89841315050
89635530060
89307613832
89667631762
89175128652
89656474326
89410675428
89376382002
89667021446
89077428485
89025734271
89470444026
89850637478
89125415180
89387233255
89736222265
89883783132
89728557368
89482065678
89605283342
89545726570
89386116311
89068630246
89370534004
89650666457
89806071045
89747483247
89645888665
89380870677
89772156683
89118861238
89115422420
89265024027
89584806561
89584473716
89036761343
89755483873
89328475704
89873556033
89166330658
89044266182
89662860205
89086174785
89761643040
89650014078
89117484072
89460024878
89274127806
89113104621
89128143124
89512327530
89128637027
89287171775
89266417440
89271061635
89415033821
89016314055
89607423600
89772123735
89107078710
89003543183
89432420410
89861271068
89728728251
89360784714
89765533758
89853833705
89408535382
89764021484
89567253425
89705425376
89726771264
89183340143
89386874407
89733483850
89176575617
89632760437
89757538656
89152140577
89847688663
89606472013
89076462674
89432126865
89541881526
89527603341
89486841051
89626178267
89300731308
89612551335
89238101788
89613323104
89034086240
89153554473
89432184524
89635048425
89821734861
89426547756
89088541843
89765245128
89586436168
89054432284
89378443067
89577217668
89156030383
89311726661
89045671401
89057043457
89464505677
89424308766
89804007573
89706343781
89358801328
89006466654
89511681304
89473516275
89117087412
89187427384
89405623073
89771381860
89422618351
89187527180
89375653560
89656508541
89274382834
89421258504
89868614142
89807025233
89426648863
89723187030
89354543123
89527877321
89287378767
89562375640
89730182657
89361400215
89182737745
89317182188
89353280137
89840336310
89165704312
89321346444
89435100132
89771668228
89468608713
89355788307
89281466514
89414261830
89701035582
89322821065
89517738253
89247215118
89447657648
89733284748
89462867466
89087612286
89751622128
89503248515
89153730308
89327012052
89264212534
89466870234
89062813514
89510725046
89077435803
89025202483
89523072834
89236835666
89056236756
89083246334
89308820384
89831544268
89822308722
89435873545
89674877710
89226888230
89810134420
89764130307
89277070778
89472261384
89535302713
89733438036
89014642760
89876417745
89005168282
89185785330
89314111732
89417085502
89421630186
89621442851
89024163862
89410550613
89521281135
89402582808
89263584341
89402554651
89872402438
89626331781
89223143116
89373268408
89540221034
89113023418
89717325651
89301235065
89140558661
89181762574
89847078170
89586101845
89810708853
89882284083
89618565254
89258520578
89454544743
89330408153
89760263823
89651576830
89324437476
89480744541
89631086224
89618628062
89700226372
89744788805
89407867540
89445603415
89023275655
89333673560
89332154435
89756356554
89811224502
89656567754
89315681115
89741230143
89573556111
89866305865
89874438362
89474523878
89567464173
89550146560
89274403055
89141078503
89001156048
89403402722
89126418315
89045335341
89045783123
89306486118
89727311024
89356542828
89138456873
89462145886
89768203037
89037641464
89162388504
89161557557
89652433287
89134448677
89625833008
89734578520
89828412755
89611373867
89065826254
89124184845
89120661806
89271777157
89773265455
89840340316
89277883068
89564340454
89108473217
89227843412
89587544758
89802183018
89210032514
89035204036
89210277407
89506428210
89268641251
89454883882
89712350771
89682516282
89387241417
89814864100
89875034266
89783012534
89486155542
89032727231
89635113484
89747274680
89242435418
89332283805
89254417215
89584386640
89260101117
89578872121
89822278628
89281287016
89007735423
89423515844
89784611520
89408100681
89212364625
89017277626
89788610507
89364586503
89043343271
89741410278
89018755312
89742844270
89577430668
89484486342
89771035127
89553582123
89060888435
89858116018
89301164402
89424828887
89610003814
89483324238
89768018278
89158800878
89270407810
89132086685
89684507207
89165071728
89510402408
89178425676
89484201808
89750728740
89780775407
89074423853
89821776556
89528505551
89002780230
89515605554
89127770538
89164343532
89333304742
89116508454
89215130665
89008032160
89423642302
89027450043
89117687381
89315456701
89048042775
89770860618
89246387711
89461543246
89224580677
89436350076
89537474416
89711441600
89746380713
89781434070
89228881015
89283048657
89436826040
89357378177
89056373667
89531285875
89350365212
89800405132
89578120346
89612258285
89684852602
89003030842
89754423728
89636003360
89517617721
89784767221
89671344722
89238000540
89222388566
89476344456
89046241021
89775705722
89770207830
89185767482
89564451731
89201470277
89762758235
89754100325
89416416552
89380264230
89131617805
89827446087
89434741565
89166870120
89627280725
89522363528
89683371066
89850622428
89381643678
89141087105
89211076747
89767606868
89047850136
89847356434
89816463134
89708713306
89187561304
89027286843
89154515264
89472862736
89666156855
89350443873
89207446741
89704460873
89548172226
89384605347
89000870406
89282546464
89764202752
89184663758
89770308532
89368523141
89306313587
89862627656
89320556288
89502712222
89488053225
89862582345
89854515764
89805122027
89338623852
89865451020
89377567177
89350061843
89016314650
89730768533
89120865763
89837138747
89014887853
89584716771
89157431043
89705517704
89667717088
89664878412
89484562111
89888236017
89784468734
89655603137
89158328242
89632211645
89526181438
89523438361
89076140378
89243683170
89203265510
89224332747
89555357426
89824825140
89671473024
89078744158
89708481764
89176823051
89131430302
89687567405
89450645337
89413604748
89588735363
89213536501
89144665835
89301237828
89555654088
89648751018
89500837742
89332265532
89118774637
89618348121
89005026224
89787770755
89207766772
89404572174
89807154840
89625123678
89356514042
89160537144
89318368678
89146071620
89204211352
89164586221
89178781586
89438437868
89804180438
89158056833
89762214257
89734422712
89753448144
89616083123
89526300622
89804870203
89027460866
89376418156
89200460666
89564864601
89486204846
89640160814
89061426811
89258316014
89377722548
89337714736
89415332361
89050485068
89221132012
89285736370
89385261087
89602322245
89426646307
89743652288
89188638848
89163603166
89776468715
89834721483
89155163213
89607366711
89782373543
89480715402
89521681407
89886046072
89114452421
89741003863
89881680462
89850861205
89427512680
89064153300
89125481285
89283736565
89532518714
89823715335
89262781064
89408032261
89040210582
89225722788
89883131014
89011813045
89004205655
89834623034
89235437618
89711180620
89066557101
89212514155
89606485505
89345422865
89656577636
89832403020
89567101623
89810565202
89743434483
89585542241
89313483320
89827873126
89343610143
89167276633
89065737315
89605231580
89604080527
89268643007
89636286610
89548586066
89706631373
89753524231
89600653412
89887577028
89854231363
89866734880
89238208044
89846742364
89481558130
89508420351
89035427182
89227646572
89285356276
89110224544
89343663215
89864803216
89614424244
89408023187
89518174364
89763244567
89080448121
89537186184
89528773117
89544142066
89876710537
89026276133
89244176371
89575043423
89554356772
89465787075
89621558141
89383626152
89530764344
89132402646
89358367631
89224478355
89767071110
89152767605
89376207425
89350626305
89216230486
89147453851
89603327187
89707337738
89767550105
89468540852
89468240863
89626581146
89036372336
89302536451
89225588127
89220023458
89662100133
89767780130
89040542522
89678523524
89635002772
89883677630
89073048888
89341515105
89251247583
89167143445
89124130268
89558173007
89655040562
89884516007
89724561276
89567231736
89701060428
89018760126
89052686210
89482842048
89070758415
89428802051
89671500785
89787473438
89371711402
89477553614
89563841488
89822537488
89637675228
89560024488
89546216247
89707761537
89850886600
89226171570
89075855610
89561364353
89823625341
89376384658
89220255370
89713205346
89081826633
89818718645
89253222521
89835532414
89078367338
89201507827
89057841483
89714012656
89487487557
89127623416
89445706006
89272608527
89163756536
89756201551
89058654815
89747654711
89452035634
89780684567
89138423060
89548474475
89048407547
89702585515
89822655403
89848543471
89335883841
89470872127
89665740603
89721852221
89483322317
89627273857
89837010884
89184034466
89617457275
89562143824
89721031244
89460138654
89350805810
89080362444
89568803684
89560775745
89145124258
89213647317
89675130887
89572884487
89883784867
89508157668
89668404561
89027786054
89221078074
89520404322
89758061728
89324534633
89318661608
89832105072
89033643106
89541680357
89505488406
89174156421
89812354403
89546106623
89351147333
89066037063
89404836324
89886200482
89214311014
89688048210
89842338840
89666767200
89318578251
89262236358
89223260746
89564375111
89745840163
89576218314
89188754382
89672656241
89035374805
89546054020
89236475448
89144245663
89152414800
89300121840
89204187302
89066152302
89782630440
89612432830
89460746242
89350528582
89315356508
89672626670
89114147170
89736868474
89835703743
89382373585
89373444838
89756140418
89583821138
89266782816
89307283878
89727676767
89868866553
89524364181
89566248084
89440046011
89444707214
89431467160
89148382306
89705020407
89200621667
89482376015
89233811213
89243861824
89081517743
89453776257
89377782878
89848347200
89854207576
89272127676
89864558561
89108884282
89058676666
89534202565
89203411117
89436612388
89133787325
89352670002
89821662413
89650344703
89313848005
89005205142
89382547570
89030462564
89544843451
89165183147
89803685712
89766201584
89820734321
89445014483
89742028527
89456828600
89021165574
89001175355
89016762335
89013815001
89358756044
89350060426
89637046237
89518642328
89001247322
89162516308
89120671335
89665356478
89088003352
89702482458
89500846472
89808517418
89724172121
89267105180
89525685554
89174066355
89345563151
89448288737
89383672186
89700132767
89851006623
89506423581
89507257050
89134821001
89472732252
89528576383
89066770260
89377305587
89583653512
89328425174
89818624455
89812651724
89253466116
89605864836
89183672625
89807324748
89251818206
89667486532
89514205715
89061064865
89764241160
89522653171
89440845742
89218674108
89283133308
89485520312
89885286854
89365002385
89603441073
89782081587
89374708176
89225565017
89883263472
89311146314
89303003667
89047636052
89377318402
89041278370
89444336800
89503541170
89810884782
89631473884
89574323675
89571360258
89636770635
89705341773
89830467614
89637478156
89800488723
89071354302
89861342867
89774562311
89271577713
89033028841
89117005230
89268276332
89882075275
89157040747
89141877705
89317584782
89188704378
89352844010
89600030766
89355365223
89662475478
89850027718
89786202826
89240306342
89780454256
89147005433
89405208018
89431617533
89057442150
89671738438
89338072121
89674050713
89728664745
89768472377
89361436821
89772142718
89081648504
89611255170
89850737022
89271871023
89681233156
89674440221
89101108185
89067344545
89632307750
89670767067
89674071683
89847511520
89113158834
89418266662
89538034583
89526535621
89512052858
89305357338
89577637361
89613562657
89821541154
89666524175
89880061305
89561132284
89180437107
89315815880
89710365368
89566783736
89326256545
89112883008
89335062648
89730540065
89417006303
89674317813
89067648574
89588210721
89538876325
89016381164
89802358278
89141202160
89582182508
89583073010
89725630537
89745774883
89821770278
89367320781
89724606054
89421514672
89678313235
89012264634
89217651680
89157113725
89146637834
89376507252
89121115724
89116420173
89666284623
89448651652
89232623154
89142226823
89286531285
89331334374
89580015037
89410816547
89464077181
89328876857
89258717578
89233177585
89474325113
89777383262
89810531747
89584012244
89753010746
89851042706
89078727228
89242515617
89482175370
89368744704
89306120371
89852478706
89113047830
89180620130
89148242280
89147848042
89513522362
89384178711
89038851625
89400458780
89726033242
89231112775
89057375228
89177157631
89764065854
89243726434
89054752545
89488375550
89156658011
89452848122
89354874520
89055058424
89106240314
89024231406
89838833328
89248766268
89200500001
89851644326
89638553417
89115045706
89576650725
89135716440
89572461055
89313072545
89517828270
89603758705
89871323601
89633274744
89750520806
89774271313
89451333531
89723308152
89232688114
89033158370
89434516824
89647861818
89527018325
89151104533
89016471345
89216176057
89871284303
89564065601
89533853378
89754422531
89760134418
89058082378
89484367810
89843818800
89341256235
89241800334
89806708880
89751585688
89182427517
89338620300
89006152021
89567587530
89371884857
89865655360
89562408237
89000715012
89276741416
89723757778
89702382162
89443778233
89372142407
89185743050
89177300455
89170225410
89438047320
89615701312
89355044764
89385238132
89664613063
89074027502
89758287518
89300564716
89201500800
89637023622
89562202337
89718236276
89264236016
89388323541
89854626347
89163560182
89763470120
89373448011
89434048406
89283448666
89488507842
89522545757
89675103337
89275822852
89424467422
89705543042
89375871461
89435457082
89732722455
89750785183
89217440783
89382666858
89074558325
89632764386
89165505540
89243841275
89887438715
89022646275
89530464536
89732128672
89551032006
89704347382
89644107288
89136270173
89371738263
89882835323
89243844542
89337476537
89245632623
89065461553
89087328164
89508423766
89746141685
89521637247
89232672323
89670132847
89784435308
89231054302
89342417311
89573151404
89042645528
89730152103
89712650844
89084266418
89142735721
89010288244
89330716032
89751466630
89112203001
89025436287
89008054100
89773782782
89070873404
89114614517
89027083340
89617615701
89828110558
89717588277
89312253012
89360230841
89016885535
89451260286
89465472503
89507578046
89400743847
89857302841
89878226174
89757207271
89343048776
89750827650
89345622430
89056871375
89032787760
89533447718
89732825511
89426137117
89864627140
89632313375
89735867458
89260736207
89780843855
89003675040
89585502575
89183663655
89121431576
89872838486
89635024488
89753145268
89234802804
89621374674
89823877282
89500321781
89868332247
89525088474
89074242054
89831107718
89744504203
89820327530
89715017207
89070044204
89602085715
89666458130
89850465447
89866116484
89773120863
89757541305
89620524213
89633181213
89377434086
89226767627
89828303680
89528636450
89846666124
89864647477
89524556527
89244146783
89303778223
89068528164
89524228411
89170211386
89288376236
89123363784
89535623544
89671181028
89430021347
89504055517
89762017224
89107758751
89665426800
89241027028
89628130683
89558523854
89524458558
89262812824
89603038682
89065407743
89480414475
89665113517
89274261782
89646005744
89083357077
89318835460
89328584172
89436743858
89454273245
89562512242
89437661145
89432275411
89816441400
89605656403
89627241267
89626585030
89257227501
89340610522
89420060636
89037033563
89203136115
89845266073
89726438232
89506627138
89537822520
89227500141
89745773553
89144705688
89628642280
89103257536
89660074342
89811572536
89553541856
89511067064
89478677533
89766321685
89851311417
89112531206
89040305837
89086353382
89224035087
89885580408
89080768312
89642864147
89524323870
89727627614
89443685850
89174617147
89235088858
89417850126
89603718080
89574385083
89678327203
89286754115
89722751007
89376443275
89073482866
89357637084
89884602154
89472878207
89364000553
89450826166
89370535702
89422237437
89401524316
89021730581
89241401405
89256874026
89355767028
89777871721
89658054741
89231766341
89023800567
89648504400
89773686741
89273476554
89512254114
89335311457
89832041286
89622161386
89675110428
89655246551
89457821037
89154620238
89268234530
89283438211
89112627180
89802728720
89273213534
89435356627
89424314505
89477204515
89666000315
89878611840
89270707326
89757112710
89842237876
89771806856
89586053564
89753627620
89427273161
89846374170
89236680750
89523353251
89368531058
89446267716
89783645061
89364402133
89046861377
89158817071
89577582022
89014226881
89118602684
89282338865
89145237657
89324415286
89453671702
89666061662
89235048260
89888322688
89566711427
89464685367
89085752764
89744478141
89381817464
89778675052
89218771027
89842058141
89665853701
89204224872
89174676852
89755602205
89555473706
89202281656
89240225776
89804460888
89266666083
89848363364
89050440864
89634368116
89585050884
89132337350
89124688833
89722472155
89835428630
89265055424
89315477724
89717311853
89506301607
89247767185
89065227066
89230370810
89087582446
89066341864
89448142167
89850656405
89521025650
89624176082
89086852635
89155617520
89863834122
89808815572
89525138771
89541415517
89000068037
89585547848
89826778801
89460040157
89031768131
89625515282
89252186182
89175658635
89326460828
89236430748
89256444721
89682123740
89513344765
89740573207
89480536646
89010068171
89358821876
89075824665
89231810686
89613528421
89486104685
89832355456
89403844015
89737676474
89621205431
89754275640
89851435201
89726207427
89051834462
89036020073
89372254064
89785561454
89608872383
89468506721
89305574111
89034303261
89317652512
89073113642
89141045373
89681522265
89424722821
89286281463
89700148088
89215555815
89177115734
89658730732
89431140404
89085684203
89754021074
89765080014
89052442888
89188472852
89750114604
89603176431
89407117033
89008283204
89762022318
89030050568
89360640468
89706052354
89363247223
89081825871
89727405278
89212438752
89564743624
89212164722
89320120363
89346581746
89018437435
89815825837
89674016543
89607308221
89164455027
89322167376
89031278020
89722837153
89434064071
89718400328
89308151143
89838173560
89066155875
89625534220
89433736443
89777674367
89836316647
89170223374
89726184850
89265058460
89843651651
89888378167
89343460744
89678563847
89081871726
89611345460
89343701457
89820400587
89447188322
89678512860
89713375425
89484036835
89748014745
89010781117
89650076271
89844438317
89781162140
89158824800
89625511764
89473043157
89253068830
89100143602
89778007210
89523328423
89214225010
89168426137
89656686100
89752272672
89052158071
89482045614
89403286284
89230543756
89634552866
89417036155
89784017742
89105646113
89107748423
89138685887
89660761135
89824044707
89647732708
89168643700
89611074576
89736510483
89442368031
89481251466
89603376725
89763287402
89314353477
89302162477
89840524823
89444565008
89124665870
89806761721
89382626873
89251144401
89086764441
89302538781
89256480573
89003800566
89018050281
89167164511
89676777155
89812402377
89104188875
89147285741
89536126264
89482070486
89365677484
89768002484
89810356334
89352888444
89083477357
89377576581
89014321517
89232630877
89481328884
89324435745
89807421765
89551118228
89885428650
89034502344
89308655764
89464463013
89656650810
89133363317
89682820366
89665748584
89363254508
89610257540
89576021375
89233450575
89133002837
89660405175
89284615731
89588170361
89352206046
89654253402
89153012718
89725651651
89363018212
89361556836
89017800265
89142056367
89068013148
89623304862
89680002007
89612210218
89533375483
89870028026
89034775116
89818740157
89506872774
89674275634
89343012686
89683221688
89666822447
89782224316
89553112214
89382338738
89153831143
89472128417
89518747050
89721636827
89022148258
89870611503
89277250313
89703573687
89511477248
89188417211
89022300537
89605334473
89277286825
89426636646
89778558883
89418745544
89114667211
89873432377
89064113887
89430842288
89010885210
89427024226
89615258321
89341020716
89347167858
89271822257
89067173075
89855587214
89777606766
89700376264
89370645273
89002380138
89525303341
89848174246
89754133162
89063825254
89676561256
89471164658
89073070343
89766212656
89773411307
89662540825
89760124526
89880365686
89807462627
89400754546
89106565310
89878640274
89427055838
89373863508
89030025068
89786228702
89186012378
89518412222
89700456176
89847154545
89551413334
89354624460
89186858444
89886543404
89716132574
89822638102
89046345078
89326687108
89336608851
89561754286
89684514251
89768771441
89214362227
89654323552
89855730788
89821723350
89371836346
89410575856
89014604766
89172087158
89584013048
89544046414
89868564563
89258185585
89680524106
89555723560
89004220148
89575152112
89602135706
89153133554
89358014527
89717057070
89650343454
89788202803
89233082788
89464410244
89387554254
89432535634
89001647160
89162370113
89346780053
89305705867
89472266574
89563607355
89258368840
89214761067
89624851322
89847462308
89172103367
89465125580
89600604321
89342057245
89472037347
89076725703
89315447443
89255674875
89627405057
89535866208
89142257603
89881441268
89544108563
89073066060
89530826061
89068603202
89856254431
89136180873
89567743411
89511506111
89554548235
89024358013
89134276234
89645788121
89724324541
89442736134
89755218685
89377530772
89314268220
89834117528
89466074538
89504515130
89753636126
89876603308
89531261412
89125878242
89735211872
89080844051
89102182488
89483467086
89074251255
89438450648
89705645780
89370075270
89305738672
89427205740
89136262057
89375324807
89665605226
89708522327
89323258701
89061716186
89786276836
89046788883
89743757617
89314763261
89053455212
89801266340
89011730286
89323500623
89025323420
89842644605
89604434564
89315727357
89678573725
89283563884
89342661243
89778425373
89463763117
89206418475
89677045786
89322448724
89815633354
89111478351
89630340684
89356547128
89235724870
89515777722
89860105867
89457282544
89032063340
89112276284
89551315012
89266440526
89650671676
89305832741
89142348073
89733308354
89202840211
89466388524
89212383621
89636135200
89238453802
89733064001
89374325710
89337141065
89453416703
89002227450
89018753465
89352875226
89786885117
89631420475
89521166354
89864343111
89430074136
89174537624
89157322754
89046167165
89358054315
89157361803
89077450167
89864301286
89525111027
89187383847
89634438740
89666308627
89720318128
89281064385
89060015425
89387167807
89887507674
89181508570
89133540367
89035503353
89101328578
89216010363
89477071532
89855066016
89842763264
89188417213
89345321007
89606361545
89651060881
89610122662
89741381128
89051404501
89500448252
89206378407
89387061011
89442470424
89228238665
89585322138
89238173122
89152453376
89021570882
89873876583
89813806220
89557060105
89874160537
89085184354
89077111615
89504182486
89221107624
89151338848
89107658145
89162604785
89355848072
89655565218
89111406766
89023568851
89736102446
89068657777
89255867004
89877751540
89582366030
89707322806
89504772436
89381138345
89747705437
89615346522
89845383206
89148503381
89834473187
89548531160
89201683543
89650721178
89465101752
89840757824
89067333224
89130156444
89507870655
89426623436
89858170164
89516057545
89518031603
89034401216
89021470255
89787148020
89868262602
89523025151
89054333245
89128015811
89151321601
89006102333
89657257858
89540454364
89434534122
89156500323
89028851704
89031454885
89205428858
89762162145
89025506442
89731330780
89655432457
89642222572
89236217122
89178854206
89542184386
89543744263
89073072665
89203635844
89151715867
89364642150
89325823286
89558064835
89220066411
89404337807
89205651536
89720140144
89564604038
89506305841
89803555368
89171418878
89350217737
89322280525
89032857008
89684301330
89183624643
89414017071
89558235766
89687676158
89501650138
89746873814
89461817656
89340000255
89060022427
89586013012
89778203202
89307682485
89415374075
89254443141
89571580138
89385636244
89431136378
89674510568
89572288761
89263526410
89846804155
89110747766
89721638088
89730522282
89406085761
89535116250
89856717577
89807855533
89020853442
89877642333
89861750533
89864264151
89285571154
89165562446
89270566804
89380216645
89548053580
89622340385
89773282123
89768123016
89466218543
89350847247
89257624334
89625361762
89627841835
89741364816
89148581215
89380361835
89128671588
89170585234
89155463507
89671283852
89128017744
89177483747
89106844063
89256266147
89813221067
89252760444
89628745560
89283854076
89882687062
89726160052
89380486570
89058445622
89408578086
89770118835
89384387023
89385523571
89258846855
89520258466
89278385857
89283210884
89357827823
89647345085
89578487586
89575712372
89154208133
89412768485
89054782151
89366560760
89471612660
89328822300
89305232776
89734880031
89308148731
89150880401
89476251627
89611641335
89217103880
89830865560
89610451523
89536838658
89748820616
89341122148
89388643416
89180065635
89714228438
89624351313
89434141026
89500878371
89022075288
89320443865
89868508564
89502473578
89807718653
89737422370
89016464403
89751440301
89065336278
89284365011
89331606548
89358556800
89505222638
89247151221
89654500536
89024754174
89348041546
89666620170
89111781046
89252764447
89302776228
89235124014
89288623070
89425035211
89013834227
89736235807
89275115616
89047048111
89621204607
89286824215
89657352034
89653505705
89265863553
89064430243
89247401758
89238545032
89366443884
89816012750
89645547402
89773887532
89622881501
89576538083
89722000387
89121184153
89121257821
89620002071
89880673780
89016206322
89182054142
89120216154
89224223623
89343432646
89038221131
89546168360
89640754808
89873574476
89460534228
89054708752
89343038374
89500247378
89511384764
89440652053
89668127232
89741470318
89763015080
89063321131
89832816753
89784440541
89247023345
89456441430
89226573718
89563766368
89413736551
89613615141
89302260324
89052783864
89621562823
89237467662
89414081260
89366717664
89866088533
89288430018
89816641312
89878455833
89504023867
89646538001
89822118832
89235565167
89433077720
89420522814
89507738386
89771533611
89363314374
89445676457
89266645586
89835863204
89622164532
89255753227
89564258845
89254406501
89052357832
89052828123
89017611862
89502407613
89284280550
89473752424
89518748766
89516625142
89006032387
89618877533
89227850532
89826225616
89825687553
89214536111
89842144645
89014676244
89780110643
89132037242
89586885353
89065242341
89383407718
89513561050
89564671075
89117226477
89236167223
89128256402
89500810722
89467061455
89177470173
89723752643
89403630316
89262858606
89514674150
89302441804
89833437423
89373715071
89464275537
89607868013
89863278447
89744871300
89631571167
89157244340
89164847313
89331305233
89358864666
89808086281
89701834144
89666702676
89843341321
89027887070
89484732420
89467141273
89185285764
89441407852
89172028713
89630048556
89011255303
89078284464
89135308312
89045446553
89261368186
89513136665
89476671014
89667764012
89828551762
89228764412
89411656443
89642612656
89533553227
89666685832
89576638700
89045476631
89053827375
89068205668
89546532070
89422535606
89334838738
89305058700
89705728782
89430163355
89228157443
89323301754
89641664650
89785117122
89866086206
89372544418
89054743354
89044010608
89328735700
89140025577
89622006406
89446158810
89487201213
89642212410
89247660385
89054003822
89031175104
89154158605
89632017415
89676857075
89363586070
89650121332
89052327084
89562808145
89744620412
89623607647
89327784753
89467130500
89341384744
89386120876
89252310801
89831763601
89855482883
89651375484
89274357434
89502608025
89384461508
89846344570
89301560617
89520136673
89714416120
89487206461
89432264075
89621873112
89504543272
89806047044
89320861158
89260431663
89888178751
89563705781
89876802643
89500780605
89672518086
89365444012
89075325104
89164510778
89457182444
89645042554
89162368528
89374220718
89753315817
89841358363
89123051451
89430115346
89825510633
89360670075
89801022044
89476848501
89354781760
89845246226
89411856420
89370225673
89637402734
89237078852
89602631461
89816250771
89062585163
89766716058
89873762468
89546431681
89077352133
89516415580
89847700223
89480385801
89082154875
89444436084
89886013140
89421627631
89127442773
89450048658
89843883035
89610700553
89511656630
89485370466
89851422270
89143474551
89022041376
89334827047
89055767216
89642542837
89765586776
89350135612
89333085240
89411208637
89383828812
89451685784
89386148346
89287734106
89087011171
89430667452
89184584365
89775252733
89838072836
89652660808
89334680086
89260533220
89483838203
89063614151
89260684435
89657684777
89475773852
89367264232
89463036675
89152070538
89622838754
89057004305
89163486664
89707470661
89526712410
89631325664
89448820547
89312543232
89371344276
89832156126
89871422676
89770785011
89236707003
89686174224
89260656535
89116048728
89506765453
89655051024
89675377770
89432272856
89570625321
89233670285
89073005021
89024652424
89035858124
89154630740
89323233678
89838233538
89440633176
89151074105
89473146748
89100824605
89083686682
89803428711
89584212275
89443040118
89755145285
89876716235
89353605770
89788545130
89557125814
89315641018
89366153017
89322275078
89347576140
89028636142
89421063260
89645370135
89527527581
89205247322
89436201738
89720152822
89671771103
89734057787
89668638442
89524780057
89865148533
89182658300
89055215764
89567445737
89761870126
89056850278
89736201823
89406251248
89251644230
89256030637
89520041656
89670375330
89751656357
89100062745
89881458404
89737611757
89381880884
89268747664
89582765634
89701317306
89105501273
89020278453
89705365406
89216024354
89270582587
89442822238
89757268662
89277414561
89710432603
89826873600
89374570228
89674545588
89857220688
89038774030
89133078431
89077761564
89311205073
89284308474
89136314888
89825164264
89763100417
89155568278
89657548855
89472647737
89776582056
89653518263
89148464438
89221778448
89422285556
89472564211
89632462521
89273805824
89557005030
89451315430
89662587888
89258585303
89707731762
89185160100
89706402352
89600157631
89786805280
89311168518
89725773566
89437587077
89687606511
89460422787
89844567315
89111750330
89088825868
89845710265
89876477554
89485462434
89721413082
89828415133
89686133467
89781263222
89300682311
89804071463
89720378473
89503624681
89623503778
89836286034
89852103445
89812172212
89588572088
89680166374
89428707013
89114143078
89077045032
89457677367
89146457673
89051760562
89846800647
89384177831
89676763040
89774076444
89400338546
89117186761
89845621138
89852312125
89057550366
89743646218
89210876185
89317611546
89563228301
89000721728
89438070528
89574211633
89353232214
89206121716
89548505736
89678084287
89417637437
89518054684
89265031810
89118638412
89053883768
89037362843
89814824685
89546540016
89173777582
89566857147
89586248612
89583271457
89016263636
89240088484
89233480507
89743342746
89010632631
89650874021
89061543857
89132533584
89557702580
89761067820
89385876231
89360833484
89441518683
89476483782
89483508362
89708041102
89741287614
89081040278
89105173058
89146432358
89828407510
89438128634
89830744265
89281271102
89661582404
89145338181
89326045841
89132186043
89063275787
89406516010
89514506785
89280566682
89248088520
89230288528
89205522358
89725050636
89588302100
89052651211
89447120603
89465102122
89133146283
89324447040
89818043534
89644847030
89757860302
89106066671
89014277650
89353117804
89624713480
89857740165
89621637026
89727167548
89678764336
89144714875
89457027735
89567245101
89434138387
89553118088
89542800702
89122263456
89103850258
89257882280
89060072286
89333851226
89252155845
89142148244
89241085158
89271684700
89373667883
89585881067
89371078055
89414542808
89665712272
89178805701
89676137561
89738475144
89162378148
89626765376
89833714642
89156563688
89503245803
89231613084
89248552087
89434184518
89186281462
89548073716
89714337755
89216803633
89557512287
89448131342
89037536017
89458514345
89362217118
89023326871
89462287146
89351885117
89616588002
89607724741
89335068838
89547106754
89654632384
89556780176
89140773383
89148503766
89103368126
89134626605
89744137867
89242631075
89767478642
89302874277
89044567718
89814281010
89052200268
89784568825
89486355683
89762548668
89675553017
89678207621
89187465410
89375243688
89767544244
89006085731
89350207500
89846522166
89568156555
89036153153
89611476236
89441888574
89137631424
89510678716
89237053820
89757068743
89765005863
89724355138
89228285760
89752118486
89071244477
89881501520
89815861250
89808485580
89035504462
89603482058
89854632671
89030022572
89736176403
89610373756
89002006776
89032183771
89500841676
89150540647
89325718026
89274135110
89076762716
89678482143
89723241763
89174880545
89624162128
89313485528
89475763030
89104445852
89862573801
89251186663
89876664288
89573740108
89266381280
89836022506
89005753115
89825532340
89478442853
89213681346
89437138682
89704742465
89661060138
89262825518
89456436882
89036583487
89480116386
89045662383
89173154783
89231770778
89315787464
89403710825
89483586663
89451260740
89664114304
89384613072
89527871707
89750527028
89358566017
89205458224
89302857001
89773686441
89150650303
89015423627
89405373423
89165058134
89843344664
89814454070
89123227822
89713117420
89866157671
89878070102
89664834245
89785552068
89516713488
89408644047
89442718364
89578231780
89848766421
89803428400
89316544556
89615677355
89075155507
89235064616
89060431078
89612081576
89814437033
89284661712
89817676875
89013403044
89528825102
89073042718
89214716046
89140572253
89763771155
89227146335
89010522371
89586663058
89843365850
89501170230
89466515072
89267851267
89752612710
89632656307
89804208704
89620585537
89718570733
89363862162
89022303330
89883442101
89862378663
89880281228
89552538873
89271165303
89071440246
89370013274
89843241237
89746254176
89872527308
89734227332
89254818512
89727486456
89286047458
89262305784
89426706326
89050676450
89015812140
89406056616
89147753508
89325334625
89628748244
89085418064
89332145456
89826288144
89856356775
89682803115
89431803631
89525718534
89011550547
89737361552
89623765245
89178457513
89355838665
89802872258
89552857504
89333448032
89717377365
89660503578
89438850204
89088067775
89420764704
89062884670
89477056661
89440760754
89214418587
89053072575
89322465222
89077470738
89667361640
89607318345
89866054503
89554511145
89380367870
89714281884
89145488820
89734344378
89056037434
89303826243
89125206442
89657551233
89876125587
89012302623
89155128783
89886253773
89312111121
89462577800
89556846472
89550868870
89760886823
89611576241
89666020786
89772550636
89120471536
89230216887
89746403568
89310023771
89732463264
89051536266
89501332315
89403574508
89015280441
89865515726
89758316442
89080681380
89334200868
89421206825
89561547526
89733545165
89852782813
89373030863
89623176248
89735400478
89747855236
89021363650
89182065413
89248823616
89011411558
89602628804
89223547430
89578350472
89535215355
89236656102
89823780605
89744775184
89621122577
89287458637
89617060425
89832372285
89443170605
89567116823
89645136354
89454018104
89863230042
89622766158
89774120508
89288576807
89880832827
89613378781
89541547205
89684461534
89514156382
89241405337
89248515740
89802233438
89167382210
89552456187
89652520742
89105080518
89538502725
89434170131
89285203771
89532463131
89383826233
89046146564
89623774712
89023142532
89055368851
89318788847
89436436521
89775168473
89167308285
89871602123
89875042336
89174472210
89018505453
89666752446
89470186524
89523624362
89617163526
89741387174
89746070340
89786836641
89073548655
89464756454
89270356740
89203378533
89286714080
89623241255
89627445762
89505622474
89863635058
89054306850
89534764144
89480876041
89424328538
89134866323
89737056044
89536670880
89744735022
89654817614
89206457203
89282055418
89012065457
89106326770
89600007171
89632311507
89021732244
89012050837
89446587736
89886560621
89854235431
89304147706
89350137784
89537513036
89357486681
89440085008
89555107658
89732265085
89452486483
89763737125
89888762788
89467701047
89486862023
89545814778
89055670230
89214063538
89731173663
89851536183
89116238623
89876557443
89881074117
89524814635
89387455811
89653122027
89438001561
89712341264
89755730122
89203044022
89850031354
89271737188
89188218381
89781167848
89774080042
89751457156
89086865050
89525583780
89884148062
89877356041
89635685224
89414201586
89263430275
89678520878
89572001238
89467882016
89012470313
89318046027
89158073562
89863352507
89338447342
89155641356
89683657083
89223764618
89532525180
89023663736
89414716081
89251284254
89743553707
89161512061
89560603503
89706251314
89485270341
89327473431
89868058654
89503121456
89468312157
89281358252
89807135528
89442168800
89804623846
89540747351
89782616834
89702682153
89225870832
89676555707
89368728785
89101202780
89752827561
89148675537
89225713714
89083740730
89586480355
89807507188
89240626171
89863802451
89487765505
89382016788
89405462732
89077005562
89122641742
89411258773
89757043622
89278261413
89386327341
89000473255
89327543460
89480528241
89073271026
89323065508
89033751711
89545423842
89722565640
89277871144
89206358718
89172134281
89553362137
89142541086
89645633857
89354311445
89638342386
89483247512
89075581700
89852203038
89255802306
89865843401
89371154355
89556472751
89081757150
89377426310
89833280615
89781887744
89460477327
89730523820
89871550446
89302746504
89114787728
89811688722
89764405450
89817118585
89447137006
89758033554
89880650571
89230654465
89273658530
89763250036
89064885852
89186682765
89400476603
89684161567
89054251620
89086537365
89134273407
89534338534
89614583227
89764255653
89701535868
89711052418
89621405628
89064322365
89851512615
89637507527
89868863184
89421714843
89822565116
89868456123
89540762643
89146218443
89034601455
89847270356
89322514233
89178262713
89856241857
89863606635
89150445170
89452525238
89122818156
89721314140
89557501733
89236156328
89032483314
89828875423
89577601284
89805508838
89067430206
89526854435
89452623281
89252850671
89402852538
89872205477
89504700063
89712762036
89270165164
89412372531
89637000274
89355753757
89164524732
89883736524
89542755432
89787482644
89115175456
89088432517
89150326865
89231430147
89401100143
89375808811
89415017151
89165683713
89606012302
89172021422
89227113480
89841018400
89718006016
89156358068
89115170180
89017886777
89278874310
89184005502
89311380870
89657453341
89563570078
89338560488
89575348185
89407654782
89580411346
89175811446
89353674520
89070146865
89111506187
89012635801
89354140152
89640238188
89776387538
89800133355
89141414425
89113008435
89170040732
89065560510
89730341628
89671286081
89855850416
89247228063
89216852061
89647813206
89246751574
89368687172
89368433105
89203036612
89547774631
89347564485
89506814317
89756080775
89348452216
89435104565
89076650158
89146750475
89415138726
89272560014
89027620275
89224553164
89827523777
89678852632
89550152387
89483075718
89874723618
89650813816
89046503878
89330025407
89558523504
89785461138
89204137010
89568404156
89406774321
89222843344
89844008628
89123543128
89568468762
89876171558
89420232566
89877512248
89223482170
89025845666
89823480241
89255175322
89511381655
89233605043
89745761168
89708757666
89731454724
89107462147
89054014607
89364737871
89331628475
89460246427
89805431614
89210121263
89088343448
89801461122
89062401211
89328607630
89075643800
89780187115
89234366014
89678666030
89327286073
89584115422
89133600346
89757768567
89075314533
89175166516
89342035580
89455051572
89733831546
89075718780
89158102686
89544815206
89232640202
89871884675
89832586775
89286617870
89700775662
89231512748
89217816375
89153231018
89674807736
89012041532
89040555656
89767714202
89786385560
89621605650
89125780641
89860128555
89281231202
89775786445
89210274204
89851457362
89582767354
89070378307
89525118045
89772711887
89611286035
89845616225
89027574765
89653204401
89104470821
89531831788
89043316635
89855154502
89384427528
89677450581
89343638224
89665602055
89585543366
89425330602
89414851230
89315862224
89341062503
89452473846
89870888276
89208731617
89666880137
89412107066
89882382343
89204160736
89541360560
89444111450
89465683877
89652486524
89581313504
89620656026
89384268417
89848175286
89344817853
89643150356
89075677583
89102534023
89527662755
89882370745
89505083044
89327687252
89445834140
89824582861
89243476035
89558783374
89660652018
89273278534
89235500558
89674241284
89484422741
89472785323
89170037250
89176606146
89318236483
89836222015
89531356127
89510228853
89302763206
89477848072
89582323146
89132250235
89455873665
89354611844
89356748764
89505148636
89874480658
89633846322
89206456058
89800485625
89661512676
89128126871
89356336174
89724381221
89568251074
89460573086
89512784201
89121255262
89140384332
89712261540
89747067864
89568783522
89043205220
89353147822
89580746603
89754758268
89788513805
89777736710
89350636110
89716464433
89723371864
89323358210
89800881438
89852212521
89585017222
89841011710
89832525725
89857715306
89808882063
89222025075
89647232711
89328786786
89781184474
89070644245
89234446136
89883360270
89405813058
89271884317
89828387622
89637478057
89233158027
89366130068
89530573318
89084717104
89814448252
89038660626
89757766228
89828317732
89555758535
89575262726
89528211820
89714067422
89173521125
89117741560
89433312506
89348357617
89630241815
89760784123
89373007732
89511174177
89366641710
89021348748
89321352560
89785303065
89126020162
89726737871
89836683233
89537051633
89447620472
89040131570
89813247141
89022146026
89745040732
89807068102
89686566772
89452046528
89310307275
89803140616
89164101303
89055666715
89513101424
89465870200
89310403061
89540111201
89231657054
89072183813
89311243052
89163084050
89553058245
89646776671
89175362461
89844710113
89848481266
89844032546
89503668820
89628111750
89875547751
89785453508
89471241052
89118004330
89113060313
89772400514
89518700408
89732522628
89668824164
89803352243
89163045007
89261027617
89124314728
89033147523
89123638711
89372162573
89853746858
89681774255
89136052266
89414578833
89626364552
89755347743
89767488844
89717857405
89858814526
89301675422
89286675542
89182655556
89788426364
89884183548
89274481467
89001660310
89054223641
89775703022
89868667514
89323128542
89784852231
89513708553
89185537828
89661848114
89135266446
89170480041
89623380252
89141554161
89584102140
89834074213
89036331487
89784643831
89055028234
89735137861
89707556720
89803006600
89321802205
89061841784
89264244444
89882815703
89003487573
89432866361
89614813274
89742123360
89127240236
89751803182
89517762163
89200281703
89725208478
89587720314
89421728548
89408888487
89313262723
89564184266
89228878545
89285006322
89404768057
89472873748
89673110610
89132350614
89310036222
89577225534
89576577513
89454873756
89276422044
89486844382
